Number of hosts/paths:
50
Number of routers:
1000
Paths:
0 126 140 142 171 172 183 325 334 436 489 522 579 581 604 916 922 1001 1024 1034 1043
1 100 146 150 169 177 261 312 325 377 408 416 420 440 485 514 709 774 816 867 951 970 1021 1022 1042
2 87 98 113 219 227 352 477 561 576 625 656 664 750 808 878 922 929 962 976 998 1047
3 51 66 88 160 162 215 224 262 302 322 324 331 389 425 459 554 616 686 780 813 834 860 874 907 939 957
4 102 106 116 130 188 223 250 327 336 338 515 553 623 720 767 788 796 825 872 888 1016
5 54 55 60 213 308 328 456 491 692 729 844 866 895 909 927 941 945 994 1006 1018 1028 1039
6 245 254 360 428 430 455 494 499 551 559 589 832 851 885 967 983 1041
7 77 180 190 246 304 336 337 399 461 486 507 517 594 639 666 693 743 748 757 784 793 810 822 837 857 901 952 972 977 1009 1029
8 65 91 106 138 145 178 460 480 495 525 526 547 595 730 741 892 899 908 919 924 953 1000
9 61 75 149 210 230 257 298 319 346 357 366 370 422 503 535 590 605 613 614 661 708 731 742 795 826 839 862 873 889 929 1006 1020
10 62 89 170 189 216 249 280 355 379 432 470 516 527 572 634 646 675 679 737 752 777 783 833 904 938 1004
11 139 282 284 299 313 315 341 368 501 684 719 762 768 797 800 811 873 884 941 943 974 977 990 1036
12 93 134 233 253 381 454 541 556 570 621 622 651 694 758 791 806 847 865 906 917 923 992 1035 1043 1048
13 83 95 126 199 228 229 246 270 293 303 335 339 400 441 452 469 472 490 511 542 597 640 728 786 842 898 925
14 154 179 205 283 300 347 348 465 475 478 480 512 654 685 723 736 794 830 836 873 941 999 1017 1041 1044
15 164 166 217 237 345 364 374 381 434 450 546 624 627 672 881 895 918 936 1043
16 63 71 74 94 215 220 260 269 274 275 424 462 636 657 676 823 828 878 886 896 933 961 994
17 53 85 103 118 119 181 270 383 419 444 579 610 671 733 754 759 891 930 955 959 987 1003 1005 1006 1011 1032
18 96 256 277 294 305 314 323 332 336 459 466 482 487 575 626 650 655 689 705 712 885 900 936
19 76 131 157 163 198 278 288 323 372 373 391 445 466 511 563 569 600 601 612 663 714 724 789 852 873 919 934
20 103 128 225 240 252 264 289 296 353 405 449 502 555 577 596 638 682 827 882 926 1012
21 59 70 108 137 159 280 311 365 442 518 552 608 643 670 673 688 792 911 928 961 1023
22 90 104 201 206 208 245 369 388 438 493 512 540 615 669 715 787 799 841 890 893 903 946 958
23 72 93 123 176 246 376 421 466 501 506 509 560 564 629 727 738 754 841 843 856 863 878 879 914 944 947 971
24 84 173 287 328 343 394 413 467 484 488 739 773 870 875 904 905 931 1008
25 55 71 79 101 105 117 143 153 251 290 397 524 604 609 612 740 746 836 868 963
26 125 183 245 263 271 286 292 359 393 437 461 479 548 571 605 633 644 704 751 814 875 883 993 1038
27 98 156 200 232 326 358 363 406 414 448 468 533 562 591 602 717 772 783 793 807 815 854 867 896
28 50 68 136 144 170 175 202 203 209 247 248 249 266 349 365 474 528 632 659 724 749 763 861 915 1026 1045 1046
29 110 114 135 180 185 204 222 267 279 297 392 444 447 471 492 592 618 630 690 700 779 849 910 921
30 97 120 145 158 182 200 242 244 301 375 386 403 463 539 593 680 681 701 702 778 913 991 1015 1033
31 68 86 108 212 291 330 404 418 424 467 490 510 523 558 571 621 659 673 716 753 771 858 880 922 935 954
32 68 165 214 318 402 437 505 529 532 588 628 667 696 697 791 848 869 899 950 989 999
33 152 167 238 300 316 318 376 382 385 410 426 549 574 611 616 634 660 753 765 782 798 820 831 912 926 949 985 1002
34 64 123 184 188 235 249 258 263 276 387 396 417 439 545 571 580 619 695 805 859 871 877 922 965 1015
35 57 82 108 146 147 265 295 358 380 443 536 603 707 710 845 855 920 979 997
36 58 112 115 121 129 177 186 231 234 241 285 306 354 393 401 566 568 596 599 607 620 649 665 687 699 726 732 776 795 801 876 1010 1027 1031
37 56 78 141 174 194 207 333 342 361 451 504 606 621 645 653 691 766 775 836 887 939 968 1044
38 155 162 163 340 415 417 508 519 530 543 573 617 680 696 842 912 940 948 956 969 978 995 1018 1019
39 80 92 99 133 214 321 351 352 358 375 398 544 637 809 812 818 838 1001
40 73 84 148 218 272 280 298 310 395 407 409 417 534 565 571 586 639 722 747 748 755 760 802 937 960 991 1040
41 151 268 329 347 350 423 476 513 528 598 744 745 761 871 882 913 922 965 966 973 996 1007 1044
42 113 122 152 168 172 191 192 196 221 226 243 473 500 519 637 673 725 781 790 902 922 1015 1025
43 69 211 255 281 285 411 422 446 453 458 498 583 613 724 734 770 804 821 840 846 850 897 980 1037
44 104 107 109 236 239 320 344 422 431 435 483 509 533 635 652 674 698 713 718 721 756 764 835 846 964 1013 1030
45 52 81 111 124 187 215 285 429 464 485 496 531 585 642 668 703 735 824 853 938 975 979
46 67 161 197 259 273 279 362 367 371 390 520 550 578 584 641 651 678 683 799 803 817 819 981 982 984 1008
47 106 193 195 317 356 378 411 427 430 497 517 521 522 538 582 587 648 769 785 798 829 940 942 1014 1017
48 54 132 412 457 468 526 537 557 583 595 631 711 894 986 993 1049
49 59 68 124 127 188 288 307 309 365 384 433 459 481 567 590 647 658 662 677 706 864 932 988
