Number of hosts/paths:
100
Number of routers:
3000
Paths:
0 125 143 199 361 468 687 716 785 980 997 1028 1161 1293 1782 2111 2168 2275 2403 2537 2545 2580 2643 2700 2741 2777 2843 2857 2916 2988 3055
1 186 193 212 306 374 445 684 891 1096 1134 1317 1350 1520 1596 1732 1748 1790 1830 1869 1882 1986 2087 2106 2138 2379 2574 2628 2687 2880 3012 3030 3036 3075
2 110 151 347 378 452 551 743 767 992 1053 1085 1188 1258 1292 1307 1353 1431 1720 2027 2051 2096 2102 2132 2146 2246 2299 2325 2344 2468 2551 2608 2767 2804 3082
3 107 279 351 370 389 430 572 579 658 771 1095 1255 1315 1434 1494 1597 1608 1659 1680 1783 1801 1819 1831 1876 1960 1971 2291 2415 2515 2617 2645 2651 2672 2793 2831 2892 2918 2943
4 118 268 331 677 771 1147 1356 1371 1468 1486 1661 1813 1853 1894 2076 2204 2346 2354 2472 2513 2724 2941 2951 2980 3000
5 380 387 398 416 427 570 748 803 847 878 1029 1170 1385 1616 1734 1757 1848 2056 2068 2313 2349 2539 2605 2690 2790 2977
6 200 248 415 424 578 714 993 1152 1169 1393 1477 1515 1521 1558 1642 1648 1772 2023 2047 2142 2148 2188 2368 2440 2709 2783 2883 2979
7 203 267 367 491 494 506 738 817 821 861 920 1084 1088 1151 1240 1415 1643 1710 1754 1818 1923 2085 2180 2199 2212 2562 2616 2624 2694 2931 3048
8 140 273 338 479 662 820 898 918 1000 1046 1192 1207 1355 1405 1549 1575 1590 1637 1687 1794 1873 1903 1910 2071 2116 2136 2158 2296 2488 2493 2535 2648 2773 2787 2796 2820 2843 2858 2871 2904 2913 2940 3060 3069
9 103 244 390 456 1013 1020 1032 1201 1388 1491 1701 1762 1934 2067 2167 2298 2396 2419 2443 2540 2842 2886
10 333 341 384 465 623 674 850 924 1077 1208 1235 1450 1467 1483 1534 1688 1881 1952 2121 2185 2248 2425 2470 2625 2641 2721 2877 2882 2917 2919 2949
11 198 216 283 292 353 442 518 635 676 938 952 978 1092 1165 1224 1259 1320 1331 1485 1534 1592 1674 1676 1841 1936 2105 2352 2430 2447 2774 2876
12 100 210 257 283 364 621 639 661 675 751 775 990 1012 1058 1123 1247 1265 1569 1647 1665 1670 1686 1709 1775 1824 1827 1887 1915 2068 2249 2255 2384 2390 2505 2707 2763 2932 2955
13 112 163 184 245 329 335 345 359 366 590 683 1054 1313 1334 1497 1524 1677 1690 1708 1926 2032 2040 2075 2103 2130 2186 2193 2397 2510 2528 2567 2588 2744 2750 2801 3023 3063 3070 3093
14 128 139 166 182 192 428 433 503 693 695 815 858 917 1072 1321 1762 1908 1921 1942 1981 1993 2155 2164 2243 2260 2331 2516 2730 2739 2889 2927 3026 3034 3089
15 132 274 381 440 698 834 926 1075 1275 1316 1357 1443 1779 1808 1811 1815 1845 1940 2044 2079 2139 2159 2283 2375 2503 2556 2558 2622 2634 2727 2766 3059 3073 3096
16 239 334 400 544 552 742 852 865 885 904 934 960 996 1124 1160 1198 1466 1585 1609 1698 1715 1800 1854 2033 2201 2232 2250 2281 2587 2661 2671 2738 2748 2840 2906 2921
17 368 488 558 592 595 733 1066 1128 1150 1163 1290 1380 1499 1523 1679 1832 1847 1909 2098 2173 2272 2357 2465 2546 2579 2657 2660 2714 2907 2945 3003 3039
18 258 311 316 346 407 511 531 587 624 749 816 880 983 1062 1283 1364 1509 1703 1741 1765 1833 1966 2046 2226 2241 2400 2414 2899 3079
19 249 324 373 489 728 780 825 859 871 893 956 1111 1176 1312 1440 1468 1631 1752 1950 2117 2143 2178 2212 2311 2387 2475 2557 2568 2636 2759 2781 2884 2936
20 108 261 298 379 442 521 659 867 1011 1530 1542 1607 1629 1646 1766 1891 2010 2014 2090 2195 2274 2303 2559 2665 2717 2725 2788 3004 3015 3043
21 302 321 357 386 765 889 964 1141 1175 1277 1300 1308 1319 1386 1476 1560 1795 1822 1823 1996 2141 2184 2271 2359 2523 2599 2734 2756 2808 2936 3090
22 214 244 263 272 312 366 372 388 785 1060 1250 1298 1420 1453 1500 1502 1537 1656 1724 1816 1821 1865 2174 2309 2639 2797 2852 2935 3076
23 136 157 300 663 700 869 909 991 1073 1101 1164 1197 1462 1508 1601 1707 1844 1859 1898 2038 2342 2373 2424 2433 2518 2619 2712 2814 2892 3058
24 174 225 228 286 498 615 664 665 722 931 946 1055 1127 1133 1408 1419 1470 1519 1626 1737 1751 1846 2043 2217 2242 2343 2411 2533 2586 2664 2729 2761 2778 2867 2869 3024 3053
25 211 295 310 318 339 632 795 817 957 1125 1148 1256 1343 1367 1769 1800 2078 2265 2290 2549 2737 2749 2879 2925 3086
26 305 417 557 776 916 935 1087 1154 1272 1278 1289 1297 1365 1651 1725 2157 2206 2223 2354 2773 2934 2938 2972 3010 3014 3037
27 102 255 265 375 420 550 890 915 922 993 1067 1158 1168 1191 1220 1231 1245 1392 1395 1433 1444 1489 1528 1652 1883 1995 2015 2133 2180 2221 2305 2317 2366 2559 2611 2644 2789 2821 2837 2902 2926 2931
28 113 137 308 343 355 399 562 655 792 804 1035 1074 1098 1226 1379 1381 1574 1595 1603 1968 2125 2171 2209 2308 2326 2388 2688 2839 2957 3046 3051
29 126 209 325 541 580 617 648 711 777 786 928 1289 1376 1430 1536 1700 1781 2022 2131 2150 2304 2475 2482 2656 2753 3045
30 104 162 332 429 555 560 718 835 1171 1174 1340 1345 1373 1436 1657 1740 1743 1750 1963 1975 2172 2235 2286 2297 2334 2351 2476 2564 2723 2824 2864 2956 3001 3074 3092
31 135 142 146 217 251 266 363 365 397 473 524 549 574 653 943 1016 1086 1153 1341 1621 1711 1834 1863 2035 2055 2109 2113 2179 2207 2441 2526 2563 2630 2632 2846 2905 2924 2976 3080
32 149 278 435 446 449 478 568 766 788 843 959 1007 1019 1021 1094 1202 1544 1654 1722 1771 1917 2002 2006 2262 2556 2561 2825 2864 2872 2910 2971 3028 3049
33 280 301 313 503 571 678 853 897 927 1048 1446 1469 1490 1527 1715 1866 1892 2094 2128 2417 2483 2541 2841 2862 2930 3081
34 194 238 542 589 619 627 633 735 737 770 960 1009 1139 1215 1219 1245 1473 1602 1673 1788 1797 1849 1869 1900 1938 2114 2137 2270 2307 2374 2391 2614 2650 2705 2768 2805
35 154 232 287 493 515 649 727 810 848 974 1162 1303 1346 1369 1730 1948 2058 2229 2252 2381 2653 2667 2669 2751 2754 2873 2989
36 196 222 357 371 412 462 475 534 573 639 651 769 803 855 995 1186 1304 1459 1943 1967 2034 2048 2068 2112 2142 2210 2267 2450 2484 2501 2597 2809 2895
37 162 545 625 631 681 713 730 939 1239 1378 1454 1478 1552 1610 1747 1900 1901 1914 1959 2028 2039 2314 2376 2520 2560 2962 2982
38 561 694 721 800 808 819 843 1023 1167 1302 1366 1543 1662 1803 1852 1972 2135 2258 2572 2649 2659 2753 2771 2812 2958 2970
39 109 476 497 609 667 799 910 913 999 1059 1090 1126 1137 1295 1307 1336 1370 1484 1736 1780 1785 1912 1937 1950 1957 1978 2052 2145 2315 2393 2511 2530 2553 2578 2583 2592 2618 2623 2716 2769 2993 3017
40 148 150 159 180 271 461 495 516 535 538 612 710 729 823 1006 1105 1146 1195 1203 1232 1368 1375 1457 1490 1542 2165 2211 2256 2268 2293 2339 2407 2544 2606 2746 2782 2946 2975 3020 3044
41 170 415 443 448 734 763 768 798 809 886 981 1004 1047 1049 1144 1565 1586 2421 2480 2693 2715 2717 2774 2914 2931 3005
42 117 297 391 472 519 566 671 707 723 737 1122 1138 1140 1209 1264 1279 1430 1639 1649 1906 1919 1974 1989 2080 2081 2276 2406 2698 2874 2947
43 105 202 275 289 377 539 576 833 882 902 1010 1109 1112 1140 1164 1216 1361 1451 1604 1744 1809 1922 1979 2008 2013 2061 2231 2588 2640 2663 2681 2722 2728 2757 2887 3065
44 218 221 392 415 482 548 640 919 937 973 976 1022 1057 1301 1322 1400 1418 1468 1504 1505 1522 1738 1787 1868 1931 1947 2312 2347 2459 2460 2594 2983 3035
45 304 448 644 933 943 1193 1296 1465 1511 1517 1589 1598 1630 1807 1837 1958 2086 2214 2353 2556 2571 2646 2713 2760 2794 2815 3025
46 165 394 512 522 746 761 881 940 1056 1236 1268 1306 1363 1402 1441 1977 1997 2012 2192 2289 2498 2536 2595 2629 2696 2697 2849 2855 2859 3084 3097
47 206 211 215 250 299 358 383 612 726 793 803 888 1063 1118 1323 1481 1501 1535 1591 1614 1684 1689 1742 1874 1899 1973 2261 2277 2451 2550 2726 2960 3013 3064 3071
48 119 291 385 455 500 507 1045 1093 1179 1225 1327 1338 1351 1583 1593 1634 1640 1890 2029 2197 2210 2367 2408 2427 2438 2762 2795 3032 3098
49 144 153 242 410 487 523 530 603 607 608 650 685 912 970 994 1081 1223 1423 1628 1641 1706 1955 2095 2156 2292 2495 2552 2647 2736 3011
50 124 176 204 285 414 501 654 689 725 895 940 984 1008 1018 1027 1119 1205 1267 1389 1398 1445 1622 1816 1885 2097 2121 2198 2324 2355 2412 2439 2642 2670 2802 2908 2950 3066 3082 3085
51 227 247 319 536 580 679 822 875 1204 1243 1404 1417 1435 1480 1495 1545 1562 1588 1600 1612 1618 1681 1697 1823 1838 1872 1875 1884 1994 2239 2321 2340 2345 2385 2399 2420 2708 2828 2832 2998 3088
52 276 294 425 517 626 814 842 862 942 1129 1178 1251 1401 1518 1584 1633 1692 1717 1741 2056 2102 2118 2320 2428 2464 2683 2891 3002 3031
53 164 327 395 485 533 717 965 967 971 1025 1052 1182 1546 1735 1814 1902 1939 1951 2151 2191 2247 2328 2361 2479 2519 2524 2631 2637 2699 3029 3033 3067
54 141 145 224 303 812 869 911 1083 1149 1189 1214 1506 1539 1548 1675 1713 1716 1729 1841 1864 2205 2454 2775 2907 3096
55 231 350 382 396 418 426 439 528 616 656 697 699 846 879 947 1100 1234 1263 1354 1463 1517 1605 1749 1836 2154 2576 2881 2912 2944 3057 3068
56 213 328 434 499 591 618 703 755 759 1229 1311 1507 1666 1790 1935 1962 1983 2319 2365 2378 2389 2474 2573 2720 2732 2856 2890 2928 2964 2981 3022
57 451 526 569 666 747 1029 1110 1120 1373 1397 1412 1439 1577 1606 1613 1623 1650 1757 1851 1895 1974 2164 2203 2458 2602 2666 2674 2689 2780 2798 2961 2995
58 150 220 293 321 709 720 773 851 896 963 1130 1261 1310 1324 1337 1655 1777 1870 1997 2013 2264 2268 2287 2314 2416 2532 2603 2735 3062
59 613 709 754 887 968 1054 1143 1157 1342 1410 1449 1540 1718 1756 1918 1990 2020 2053 2054 2245 2301 2392 2409 2487 2531 2585 2610 2678 2803 2826 2835 3032 3095
60 187 191 246 398 411 436 1104 1223 1274 1425 1455 1498 1699 1712 1768 1825 1904 2225 2335 2446 2659 2660 2823 2985 2991 3008
61 120 161 260 444 514 600 781 787 797 872 954 1089 1244 1374 1611 1758 1793 1812 1860 1862 1929 1954 2176 2295 2436 2462 2490 2491 2529 2639 2822 3006 3094
62 240 281 441 458 537 634 757 839 977 1082 1135 1145 1253 1399 1403 1437 1615 1683 1713 1796 1802 1839 1999 2057 2062 2190 2257 2300 2314 2318 2402 2455 2497 2570 2615 2706 2845 2866 2901 2952 2963 2978 2992
63 181 369 413 429 438 504 567 575 599 640 658 749 762 801 914 972 1212 1390 1413 1462 1468 1576 1617 1669 1764 1798 1879 1880 1988 2050 2054 2336 2401 2604 2621 2731 2810 2847 2865
64 147 441 486 527 582 692 719 818 884 944 949 987 1044 1078 1159 1233 1372 1447 1474 1526 1663 1805 1933 1968 1970 1991 2037 2066 2151 2310 2584 2601 2685 2686 2750 2863
65 114 132 362 513 554 601 705 998 1129 1177 1283 1406 1458 1460 1475 1503 1533 1541 1774 1778 2030 2100 2284 2327 2377 2827 2838 2911 2966 2969 2974
66 197 201 205 315 360 405 411 447 490 586 701 860 955 1166 1187 1217 1269 1318 1427 1448 1627 1691 2099 2162 2251 2253 2353 2836 2850 3040 3070
67 167 179 450 712 829 901 986 1024 1079 1091 1206 1384 1492 1513 1681 1733 1907 1927 1998 2126 2269 2282 2398 2426 2471 2519 2577 2613 2922 2954 3078
68 296 336 454 483 602 629 638 691 724 1132 1155 1314 1394 1431 1482 1550 1599 1682 1685 1878 1895 1953 1980 2052 2073 2147 2230 2625 2690 2776 3052
69 508 510 577 593 614 669 673 1117 1431 1660 1947 1949 2092 2175 2194 2358 2501 2627 2996
70 171 234 432 617 643 753 951 1285 1309 1619 1714 1763 1905 1916 1956 2110 2157 2202 2228 2259 2278 2338 2386 2432 2444 2496 2748 2967 3027 3061 3072
71 100 101 404 466 532 672 971 1002 1065 1199 1339 1370 1414 1442 1538 1671 1945 2026 2178 2341 2423 2448 2635 2743 2807 2861 2996 3047
72 127 158 229 269 406 481 610 782 796 814 840 844 863 906 1039 1270 1329 1377 1461 1694 1739 1944 2005 2091 2107 2119 2569 2600 2829 2868 2884 2893 2900 3018
73 155 178 354 520 559 588 828 864 1352 1359 1456 1472 1532 1704 1759 1924 2021 2108 2222 2279 2434 2437 2527 2596 2848 2990 3019 3054
74 189 226 262 282 290 628 652 657 704 929 1184 1273 1287 1348 1412 1543 1557 1791 1842 1850 1893 2009 2013 2084 2124 2161 2166 2225 2237 2356 2404 2452 2456 2806 2900 3021
75 173 330 463 509 565 741 778 790 836 1230 1242 1252 1291 1330 1701 2078 2111 2216 2279 2461 2517 2684 2813 2897 3050 3067
76 121 320 469 519 581 807 854 866 923 925 931 932 1139 1142 1190 1582 1719 1721 1776 1785 1861 1985 2069 2104 2115 2181 2233 2302 2371 2383 2485 2506 2582 2745 2755 2915 2923
77 237 326 393 431 468 501 553 564 749 827 969 1003 1106 1108 1360 1407 1561 1693 2060 2065 2102 2413 2581 2591 2702 2770 2792 2798 2801 2817 2894
78 142 252 380 523 627 696 708 764 783 805 982 1030 1034 1136 1156 1294 1344 1493 1555 1853 1866 1913 2016 2018 2041 2064 2215 2280 2316 2332 2478 2509 2620 2676 2747 2758 2786 2808 2903
79 155 168 376 408 492 505 774 813 837 874 962 1471 1515 1563 1580 1727 1755 1789 1974 2007 2034 2042 2322 2341 2350 2435 2500 2658 2740 2875 2937 3007 3041
80 106 130 133 172 195 208 232 322 342 645 811 856 870 905 953 1070 1180 1211 1422 1424 1428 1516 1772 1969 2003 2031 2082 2101 2234 2363 2410 2445 2522 2609 2652 2772 2853
81 129 256 323 340 356 470 556 596 641 642 738 868 903 1036 1218 1227 1246 1554 1570 1625 1745 1792 1826 1871 1901 1932 2001 2177 2306 2369 2457 2463 2523 2538 2590 2703 2764 2799 2965 2971
82 277 309 348 529 688 690 736 794 839 849 869 900 945 975 1037 1065 1107 1222 1257 1362 1432 1514 1531 1547 1674 1784 1804 1889 1897 2140 2442 2499 2548 2593 2655 2662 2682 2714 2818 2819 2844 2851 2853 2948
83 116 134 546 660 668 740 841 899 1026 1064 1173 1266 1512 1867 2144 2170 2224 2286 2348 2353 2370 2521 2774 2800 2984 2999 3077 3099
84 156 190 223 437 483 584 637 732 789 921 1040 1051 1069 1116 1177 1221 1326 1396 1782 1843 1946 2004 2024 2070 2120 2266 2555 2960
85 314 344 611 670 731 843 873 877 1005 1043 1061 1068 1071 1113 1245 1280 1358 1382 1464 1767 1799 1886 2059 2152 2301 3030 3042
86 115 259 402 418 419 597 702 803 831 943 985 1097 1114 1194 1281 1286 1325 1349 1383 1409 1426 1488 1556 1568 1574 1696 1770 1786 1877 1923 1976 2089 2093 2153 2160 2220 2330 2358 2598 2711 2752 2878 3087
87 131 160 183 185 230 253 477 480 806 908 936 1200 1220 1380 1573 1731 1746 1856 1867 1984 2072 2123 2127 2329 2372 2494 2566 2718 2811 2830 2896 2997
88 317 350 411 423 496 604 620 758 989 1014 1021 1042 1177 1254 1282 1328 1487 1496 1525 1566 1587 1702 1761 1828 1961 2182 2196 2337 2435 2607 2710 2765 2860 2953 3056
89 122 207 219 270 284 307 501 502 630 744 745 941 1241 1645 1753 1920 1941 2000 2045 2187 2333 2360 2380 2502 2514 2648 2733 2888 2929 3083
90 111 233 376 457 464 471 687 739 756 772 791 838 857 892 979 1115 1131 1284 1664 1726 1728 1760 1888 2149 2227 2359 2426 2486 2512 2534 2673 2890 2962 2987
91 152 175 349 403 409 540 594 826 839 842 883 961 988 1015 1213 1228 1248 1276 1299 1347 1421 1479 1485 1529 1564 1581 1624 1705 1841 1911 2019 2118 2183 2466 2692 2791 2828 3016
92 261 467 845 938 950 1050 1185 1196 1237 1249 1260 1391 1572 1632 1820 1925 1982 2017 2034 2189 2263 2418 2422 2589 2633 2638 2816 2854 2870 2986
93 236 264 337 376 421 894 930 958 1017 1418 1429 1571 1635 1653 1723 1806 1896 2048 2129 2238 2394 2449 2477 2508 2679 2680 2833 2909 2942
94 138 188 241 254 706 715 784 1001 1080 1121 1183 1238 1305 1411 1567 1594 1667 1695 1840 1928 1965 2036 2049 2077 2083 2122 2346 2429 2489 2543 2612 2633 2675 2959 2976 3091
95 123 235 460 525 547 606 646 907 1031 1033 1076 1172 1320 1510 1620 1678 1930 2011 2038 2074 2200 2236 2244 2405 2492 2701 2704 2855 2864 2881 2939 3038 3055
96 350 484 605 647 752 760 779 816 1181 1210 1387 1438 1559 1579 1638 1644 1668 1817 1829 2088 2110 2208 2213 2218 2329 2362 2382 2453 2467 2469 2473 2504 2542 2554 2719 2784 2785 2898 2973
97 352 543 622 682 686 750 794 830 876 1038 1103 1262 1288 1332 1335 1452 1551 1636 1658 1857 2063 2219 2288 2364 2431 2507 2565 2626 2654 2691 2695 2742 2775 2850 2885 2968 2994 3009
98 177 243 272 401 422 459 474 583 802 824 832 948 1041 1099 1102 1353 1553 1578 1810 1855 1858 1987 2025 2169 2273 2294 2323 2395 2575 2779 2920
99 169 288 453 563 585 598 612 636 680 966 1271 1333 1416 1672 1773 1835 1931 1964 1992 2134 2163 2240 2246 2254 2266 2285 2481 2525 2547 2668 2677 2731 2834 2917 2933 2936
